0.001105329
0.002046567
0.003012987
0.00403434
0.005113093
0.006251154
0.007454618
0.008720468
0.010043857
0.011417846
0.012835008
0.014286655
0.015764413
0.017261796
0.018769711
0.020282459
0.021794865
0.023302596
0.024801543
0.026288623
0.027762171
0.029220236
0.030661991
0.032086384
0.033493128
0.034882266
0.036253959
0.037608199
0.038946044
0.04028004
0.041649658
0.042960502
0.044244014
0.045532763
0.046834957
0.048112802
0.049388222
0.050644424
0.05187301
0.053111266
0.054360416
0.055612415
0.056873556
0.058136787
0.059378225
0.060626414
0.061880436
0.063133366
0.064386547
0.065654986
0.066915721
0.068174772
0.069434129
0.070694655
0.071960807
0.073227137
0.074495956
0.075764231
0.077032916
0.07830105
0.07956557
0.080831282
0.082098514
0.083369762
0.084644288
0.085921474
0.08720234
0.08848279
0.089767292
0.09105432
0.092345856
0.093634583
0.094929673
0.096230298
0.097529523
0.098831967
0.10013999
0.101452842
0.102769822
0.104086794
0.105405226
0.106731519
0.108056635
0.109383412
0.110717699
0.112052977
0.113389894
0.114732698
0.116076812
0.117419928
0.118764669
0.120112143
0.121464096
0.122819759
0.124177776
0.125538096
0.126900777
0.128265023
0.129631758
0.13100262
0.132376313
0.133753255
0.135132596
0.136515349
0.137899935
0.139285028
0.140671939
0.142063782
0.143459707
0.144858062
0.146257252
0.147658378
0.149062246
0.15046823
0.151877686
0.153289989
0.154704317
0.156121075
0.15754126
0.15896374
0.160389021
0.161816642
0.163247049
0.164680049
0.166114986
0.16755347
0.168994084
0.170437202
0.171882674
0.173329934
0.174779102
0.176231056
0.177685961
0.179143488
0.180603907
0.182067692
0.183533996
0.185003072
0.186473846
0.187946633
0.189421564
0.190899774
0.192380413
0.193863928
0.195350081
0.196838498
0.198329359
0.199822813
0.201320231
0.202819884
0.204321906
0.205826402
0.207333237
0.208842218
0.210353151
0.21186772
0.213385224
0.214905784
0.216428936
0.217955709
0.219485193
0.221016899
0.222550735
0.2240877
0.225627542
0.227169737
0.22871469
0.230262727
0.231814519
0.233368799
0.234925643
0.236485705
0.238048524
0.239613891
0.241182327
0.242753744
0.244327709
0.245904535
0.247484282
0.249067053
0.250652373
0.252241045
0.253833026
0.255428284
0.257026792
0.258627623
0.260231107
0.261837989
0.263447493
0.265060306
0.266676188
0.268294871
0.269916266
0.271541476
0.273169607
0.274800807
0.276435316
0.278073251
0.279714078
0.28135857
0.283005923
0.284656525
0.286310136
0.287967116
0.289627343
