0.920568022
0.951417417
0.977598567
1.000708695
1.020965704
1.038519676
1.05372751
1.066709293
1.077604661
1.086574482
1.093809828
1.099500307
1.103849109
1.107043473
1.109259895
1.110665492
1.111398447
1.111589699
1.111341589
1.110755477
1.109898385
1.108835283
1.107620295
1.106292782
1.104884219
1.10342171
1.101926786
1.100409096
1.098893372
1.097779597
1.097738591
1.096679854
1.095140401
1.093883405
1.092926898
1.092018712
1.091378097
1.090662112
1.090079981
1.08932818
1.088653134
1.088113584
1.087757832
1.087528935
1.087671958
1.087806251
1.087855885
1.087888007
1.087924993
1.087603065
1.087194733
1.087046046
1.086978091
1.086932669
1.086872168
1.086810895
1.08673753
1.086661604
1.086559069
1.086516708
1.086462746
1.08648032
1.086583474
1.086659569
1.086761144
1.086841102
1.086955771
1.087049263
1.087186908
1.087313987
1.087458261
1.087601684
1.08777263
1.08796774
1.0881222
1.088295916
1.088505333
1.088721035
1.088934075
1.089137748
1.089325888
1.089502652
1.089646734
1.089777781
1.089914503
1.090103011
1.090316088
1.090513597
1.090697716
1.090877425
1.091027203
1.091164764
1.091367673
1.091573805
1.091763206
1.091941246
1.092122284
1.092290873
1.092443773
1.092617536
1.092818731
1.092998039
1.093169511
1.093344146
1.093516352
1.093678552
1.093841623
1.094033363
1.09422012
1.094407155
1.094595782
1.094768465
1.094952854
1.095131656
1.095325116
1.095510231
1.095691642
1.095872707
1.096047635
1.096217229
1.096392799
1.096589186
1.096773118
1.096949521
1.097120434
1.097290279
1.097454092
1.097632139
1.097835687
1.098041544
1.098238805
1.098424295
1.098603295
1.098774104
1.098950354
1.09915402
1.099356234
1.099549612
1.099741229
1.099934247
1.100120994
1.100315336
1.100516318
1.100714854
1.100913544
1.101107454
1.101297257
1.10148373
1.101688871
1.101904257
1.102111126
1.102315319
1.102514699
1.102715382
1.102918985
1.103135591
1.103356777
1.103574043
1.103781696
1.103986576
1.104187379
1.104398105
1.104614043
1.104830986
1.10504584
1.105250855
1.105451092
1.105653847
1.10586827
1.106082568
1.10629836
1.106514747
1.106729097
1.106939172
1.107159327
1.10738491
1.107614492
1.10784019
1.108067677
1.108289937
1.108516584
1.108739714
1.108961712
1.109184746
1.109409582
1.109634331
1.109857653
1.11009223
1.110326372
1.110556234
1.11079064
1.111025654
1.111259012
1.11149662
1.111735506
1.111971305
1.112206459
1.112443179
1.112677401
1.112921689
1.113159308
1.113396574
1.113635558
1.113875224
1.114116345
